0;0;256;229,229,229
768;0;256;229,229,229
256;0;128;229,229,229
0;256;128;229,229,229
896;256;128;229,229,229
0;896;128;229,229,229
896;896;128;229,229,229
384;0;64;229,229,229
256;128;64;229,229,229
320;128;64;229,229,229
0;384;64;229,229,229
0;448;64;229,229,229
384;384;64;114,159,101
384;448;64;111,151,99
640;0;64;229,229,229
704;0;64;229,229,229
704;64;64;229,229,229
704;128;64;229,229,229
704;192;64;229,229,229
832;256;64;229,229,229
960;384;64;229,229,229
960;448;64;229,229,229
320;576;64;170,166,157
128;960;64;229,229,229
192;960;64;229,229,229
448;768;64;25,22,20
640;704;64;15,13,13
960;832;64;229,229,229
832;960;64;229,229,229
448;0;32;229,229,229
480;0;32;229,229,229
384;64;32;229,229,229
416;64;32;229,229,229
384;96;32;229,229,229
256;192;32;229,229,229
288;192;32;229,229,229
256;224;32;229,229,229
320;192;32;229,229,229
352;192;32;229,229,229
384;128;32;229,229,229
384;160;32;229,229,229
480;160;32;175,136,118
384;192;32;229,229,229
448;192;32;145,114,99
448;224;32;150,118,98
480;224;32;177,148,123
128;256;32;229,229,229
64;384;32;229,229,229
96;384;32;228,228,228
64;416;32;229,229,229
192;384;32;44,39,36
224;416;32;46,41,38
128;448;32;122,123,118
160;448;32;130,130,127
160;480;32;126,122,118
256;352;32;95,132,79
288;352;32;112,159,100
352;352;32;106,128,97
384;288;32;152,146,148
448;256;32;145,115,95
480;256;32;169,140,118
480;288;32;151,118,95
288;384;32;93,130,77
320;384;32;113,158,101
352;384;32;114,160,101
320;416;32;101,137,85
352;416;32;120,160,108
256;480;32;42,37,33
352;448;32;107,146,94
512;0;32;229,229,229
544;0;32;229,229,229
576;0;32;229,229,229
608;0;32;229,229,229
672;64;32;229,229,229
672;96;32;229,229,229
512;160;32;184,152,129
544;160;32;172,137,114
608;192;32;171,131,112
672;128;32;229,229,229
672;160;32;229,229,229
672;192;32;229,229,229
672;224;32;229,229,229
512;256;32;183,154,130
544;256;32;193,164,141
512;288;32;171,141,117
576;256;32;190,161,138
512;320;32;131,96,75
640;320;32;88,84,81
672;320;32;72,68,65
704;320;32;61,58,56
544;416;32;121,167,107
800;256;32;229,229,229
864;320;32;229,229,229
896;384;32;229,229,229
928;384;32;229,229,229
928;416;32;229,229,229
0;512;32;229,229,229
32;576;32;192,186,183
32;608;32;197,191,188
64;608;32;191,185,181
192;512;32;115,110,106
128;608;32;184,178,170
160;608;32;182,177,166
0;640;32;116,117,117
0;672;32;114,114,111
0;704;32;96,95,92
96;704;32;126,173,110
64;736;32;116,164,98
96;736;32;128,173,112
224;640;32;124,120,110
256;512;32;36,31,28
320;512;32;170,164,157
320;544;32;171,166,158
352;544;32;170,164,156
288;576;32;158,155,143
288;608;32;156,152,141
416;512;32;112,151,100
384;576;32;176,170,163
416;576;32;174,170,162
480;608;32;53,23,71
256;640;32;145,139,127
288;640;32;154,149,138
256;672;32;141,134,123
320;640;32;163,159,149
256;736;32;35,14,50
320;704;32;40,13,59
352;704;32;41,14,60
416;640;32;45,16,65
384;672;32;40,14,59
448;640;32;46,17,65
448;736;32;11,8,8
480;736;32;17,14,13
64;800;32;172,165,155
96;800;32;185,179,170
0;864;32;229,229,229
32;864;32;229,229,229
96;832;32;164,155,144
128;832;32;179,174,163
160;864;32;172,164,155
192;864;32;187,180,172
224;864;32;194,187,180
128;928;32;229,229,229
160;928;32;229,229,229
192;928;32;229,229,229
320;864;32;137,184,126
416;768;32;11,9,8
416;800;32;15,12,11
416;832;32;19,17,16
448;832;32;28,25,22
480;832;32;33,29,26
320;896;32;149,187,135
256;992;32;229,229,229
288;992;32;229,229,229
416;960;32;182,177,171
416;992;32;188,183,178
480;992;32;201,194,190
544;544;32;110,159,96
576;608;32;193,188,180
608;608;32;193,188,180
640;512;32;146,179,130
640;544;32;123,169,109
736;512;32;127,167,113
704;544;32;134,172,118
736;544;32;124,167,110
640;608;32;194,189,183
672;608;32;196,190,185
704;608;32;195,189,184
736;608;32;191,186,180
544;640;32;188,182,174
576;640;32;191,186,177
608;640;32;193,187,179
544;704;32;10,8,7
512;736;32;18,14,13
544;736;32;18,15,13
576;704;32;10,8,9
608;704;32;10,8,8
640;640;32;194,189,182
672;640;32;193,188,182
704;640;32;193,187,180
736;640;32;189,183,176
704;704;32;9,7,7
736;704;32;23,18,13
768;544;32;118,166,104
864;608;32;136,127,109
992;512;32;229,229,229
896;608;32;162,156,142
992;704;32;112,160,94
512;768;32;27,23,21
512;832;32;32,28,25
640;768;32;28,25,22
672;768;32;27,24,21
672;800;32;29,25,23
512;896;32;121,148,102
544;896;32;116,152,98
608;960;32;189,181,170
576;992;32;163,155,141
672;960;32;182,174,164
640;992;32;157,149,135
672;992;32;181,174,163
704;960;32;191,185,177
704;992;32;191,184,175
736;992;32;190,184,178
864;768;32;191,185,182
800;864;32;136,179,122
896;768;32;201,192,190
992;800;32;229,229,229
896;864;32;229,229,229
928;864;32;229,229,229
864;896;32;229,229,229
832;928;32;229,229,229
864;928;32;229,229,229
768;960;32;228,228,228
800;960;32;229,229,229
800;992;32;229,229,229
448;32;16;229,229,229
464;32;16;229,229,229
448;48;16;229,229,229
464;48;16;219,219,221
480;32;16;229,229,229
496;32;16;217,216,219
480;48;16;132,124,148
496;48;16;77,53,100
416;96;16;229,229,229
432;96;16;205,204,210
416;112;16;229,229,229
432;112;16;133,129,155
448;64;16;225,225,226
464;64;16;120,120,149
448;80;16;164,165,184
464;80;16;82,81,124
480;64;16;81,66,108
496;64;16;130,101,111
480;80;16;128,109,114
496;80;16;160,134,113
448;96;16;87,81,122
464;96;16;85,71,102
448;112;16;58,36,82
464;112;16;93,70,83
480;96;16;69,59,48
496;96;16;60,49,36
480;112;16;77,62,48
496;112;16;150,138,128
288;224;16;229,229,229
304;224;16;229,229,229
288;240;16;225,225,225
304;240;16;218,218,217
320;224;16;229,229,229
336;224;16;229,229,229
320;240;16;214,213,212
336;240;16;213,212,211
352;224;16;229,229,229
368;224;16;229,229,229
352;240;16;212,212,211
368;240;16;214,214,213
416;128;16;229,229,229
432;128;16;93,83,117
416;144;16;229,229,229
432;144;16;98,85,112
416;160;16;229,229,229
432;160;16;151,147,166
416;176;16;229,229,229
432;176;16;124,114,134
448;128;16;49,21,70
464;128;16;112,83,82
448;144;16;61,35,70
464;144;16;150,122,110
480;128;16;154,127,105
496;128;16;165,152,141
480;144;16;172,141,120
496;144;16;153,119,98
448;160;16;117,97,106
464;160;16;163,134,125
448;176;16;154,136,133
464;176;16;151,114,104
416;192;16;228,228,228
432;192;16;116,98,113
416;208;16;227,226,227
432;208;16;113,93,102
384;224;16;229,229,229
400;224;16;229,229,229
384;240;16;217,217,216
400;240;16;221,222,221
416;224;16;215,214,217
432;224;16;122,101,105
416;240;16;204,203,207
432;240;16;121,99,99
480;192;16;157,115,95
496;192;16;157,116,96
480;208;16;145,106,84
496;208;16;113,76,57
160;256;16;229,229,229
176;256;16;229,229,229
160;272;16;228,229,228
176;272;16;205,213,202
128;288;16;229,229,229
144;288;16;221,224,221
128;304;16;223,222,221
144;304;16;166,180,157
160;288;16;165,190,158
176;288;16;122,167,110
160;304;16;118,162,105
176;304;16;109,150,102
192;256;16;228,228,228
208;256;16;197,199,198
192;272;16;151,182,142
208;272;16;131,167,143
224;256;16;168,169,170
240;256;16;163,164,162
224;272;16;101,112,122
240;272;16;96,97,97
192;288;16;111,153,101
208;288;16;116,135,141
192;304;16;81,82,111
208;304;16;69,38,95
224;288;16;73,73,81
240;288;16;83,82,83
224;304;16;55,25,77
240;304;16;75,72,75
128;320;16;210,209,208
144;320;16;161,171,154
128;336;16;204,202,201
144;336;16;137,152,132
160;320;16;105,142,96
176;320;16;95,123,102
160;336;16;97,130,87
176;336;16;87,107,88
128;352;16;201,199,198
144;352;16;134,147,126
128;368;16;199,198,194
144;368;16;123,133,111
160;352;16;92,125,81
176;352;16;99,117,89
160;368;16;123,145,126
176;368;16;145,148,146
192;320;16;61,45,90
208;320;16;69,38,89
192;336;16;48,30,74
208;336;16;40,17,59
224;320;16;84,74,96
240;320;16;100,135,93
224;336;16;87,115,77
240;336;16;110,148,97
192;352;16;43,25,60
208;352;16;24,12,36
192;368;16;90,85,87
208;368;16;104,99,100
224;352;16;75,100,61
240;352;16;80,111,64
224;368;16;125,132,112
240;368;16;83,104,68
96;416;16;229,229,229
112;416;16;196,197,201
96;432;16;203,206,209
112;432;16;128,137,146
64;448;16;229,229,229
80;448;16;225,226,226
64;464;16;229,229,229
80;464;16;192,195,197
96;448;16;137,148,157
112;448;16;115,119,122
96;464;16;111,123,132
112;464;16;108,110,109
64;480;16;229,229,229
80;480;16;181,183,186
64;496;16;213,212,213
80;496;16;184,182,182
96;480;16;127,130,131
112;480;16;113,113,111
96;496;16;179,180,182
112;496;16;155,138,121
128;384;16;200,200,200
144;384;16;97,104,104
128;400;16;118,120,123
144;400;16;76,77,80
160;384;16;61,64,66
176;384;16;50,48,45
160;400;16;74,73,73
176;400;16;54,49,45
128;416;16;120,124,127
144;416;16;126,127,125
128;432;16;124,126,125
144;432;16;126,126,124
160;416;16;127,128,124
176;416;16;105,104,101
160;432;16;128,128,125
176;432;16;129,129,126
224;384;16;66,61,59
240;384;16;139,136,129
224;400;16;43,37,34
240;400;16;48,44,39
192;416;16;54,50,46
208;416;16;44,40,36
192;432;16;102,99,96
208;432;16;52,48,44
128;480;16;112,112,109
144;480;16;117,116,113
128;496;16;145,135,128
144;496;16;116,113,110
192;448;16;132,131,128
208;448;16;57,54,51
192;464;16;117,115,112
208;464;16;68,65,60
224;448;16;61,57,53
240;448;16;64,59,56
224;464;16;48,44,42
240;464;16;64,60,56
192;480;16;133,128,125
208;480;16;111,107,102
192;496;16;126,122,120
208;496;16;129,124,121
224;480;16;43,39,35
240;480;16;46,42,39
224;496;16;92,88,85
240;496;16;38,34,31
256;256;16;165,163,162
272;256;16;165,164,162
256;272;16;113,109,107
272;272;16;140,135,131
288;256;16;149,147,146
304;256;16;137,134,134
288;272;16;157,152,149
304;272;16;165,160,159
256;288;16;108,106,103
272;288;16;99,95,92
256;304;16;108,105,102
272;304;16;142,136,134
288;288;16;108,103,101
304;288;16;160,156,153
288;304;16;97,94,91
304;304;16;117,113,110
320;256;16;134,132,131
336;256;16;132,128,127
320;272;16;167,163,162
336;272;16;165,161,159
352;256;16;136,132,131
368;256;16;130,127,125
352;272;16;174,170,168
368;272;16;172,168,165
320;288;16;170,166,163
336;288;16;182,177,175
320;304;16;140,134,131
336;304;16;162,157,154
352;288;16;193,189,186
368;288;16;182,177,175
352;304;16;154,150,147
368;304;16;151,147,143
256;320;16;113,149,104
272;320;16;127,150,118
256;336;16;115,162,105
272;336;16;115,162,103
288;320;16;89,93,82
304;320;16;103,103,99
288;336;16;114,157,103
304;336;16;101,118,93
320;320;16;106,104,102
336;320;16;100,98,99
320;336;16;94,96,91
336;336;16;103,104,99
352;320;16;99,98,100
368;320;16;105,104,107
352;336;16;100,101,98
368;336;16;93,93,95
320;352;16;102,128,92
336;352;16;90,98,84
320;368;16;112,159,99
336;368;16;114,160,104
384;256;16;132,129,127
400;256;16;128,125,129
384;272;16;168,164,161
400;272;16;160,153,164
416;256;16;156,151,163
432;256;16;111,89,90
416;272;16;125,120,141
432;272;16;92,71,81
416;288;16;118,112,135
432;288;16;67,46,72
416;304;16;94,86,111
432;304;16;48,26,69
448;288;16;133,105,85
464;288;16;138,109,86
448;304;16;107,79,75
464;304;16;133,101,80
384;320;16;110,107,111
400;320;16;116,113,117
384;336;16;89,87,92
400;336;16;98,95,100
416;320;16;82,75,98
432;320;16;43,21,65
416;336;16;71,60,87
432;336;16;43,20,65
384;352;16;107,107,103
400;352;16;107,107,104
384;368;16;110,140,97
400;368;16;110,132,101
416;352;16;91,88,96
432;352;16;69,55,79
416;368;16;111,127,103
432;368;16;112,120,105
448;320;16;52,26,61
464;320;16;110,82,68
448;336;16;36,13,57
464;336;16;54,28,54
480;320;16;127,94,73
496;320;16;132,97,76
480;336;16;96,67,56
496;336;16;111,79,59
448;352;16;52,33,65
464;352;16;43,21,56
448;368;16;111,115,105
464;368;16;110,109,106
480;352;16;42,19,48
496;352;16;59,36,41
480;368;16;100,93,100
496;368;16;91,76,94
256;384;16;109,126,97
272;384;16;80,109,65
256;400;16;144,139,136
272;400;16;122,133,111
256;416;16;60,55,51
272;416;16;157,154,149
256;432;16;43,39,35
272;432;16;108,104,100
288;416;16;128,138,114
304;416;16;83,114,67
288;432;16;164,158,155
304;432;16;128,139,114
256;448;16;48,44,41
272;448;16;61,55,52
256;464;16;49,45,41
272;464;16;42,36,32
288;448;16;160,155,151
304;448;16;164,158,153
288;464;16;148,142,135
304;464;16;162,158,151
288;480;16;125,119,111
304;480;16;165,159,154
288;496;16;110,104,95
304;496;16;168,162,155
320;448;16;114,133,98
336;448;16;83,119,66
320;464;16;160,157,149
336;464;16;100,125,84
320;480;16;164,157,154
336;480;16;153,154,139
320;496;16;166,160,155
336;496;16;164,158,151
352;480;16;90,119,74
368;480;16;95,132,80
352;496;16;141,147,127
368;496;16;88,119,71
448;384;16;118,164,105
464;384;16;118,162,105
448;400;16;115,165,101
464;400;16;115,166,101
480;384;16;119,158,106
496;384;16;119,155,107
480;400;16;116,166,104
496;400;16;118,168,102
448;416;16;122,165,109
464;416;16;116,162,105
448;432;16;95,125,87
464;432;16;54,72,79
480;416;16;115,164,101
496;416;16;116,165,101
480;432;16;101,132,114
496;432;16;112,160,97
448;448;16;65,88,87
464;448;16;52,66,131
448;464;16;66,88,81
464;464;16;47,61,121
480;448;16;73,89,141
496;448;16;100,140,90
480;464;16;74,87,151
496;464;16;75,101,82
448;480;16;78,106,78
464;480;16;42,55,112
448;496;16;95,126,83
464;496;16;37,51,91
480;480;16;72,82,146
496;480;16;67,87,89
480;496;16;61,72,134
496;496;16;64,82,93
512;32;16;185,180,191
528;32;16;172,165,180
512;48;16;72,40,96
528;48;16;70,38,96
544;32;16;177,170,183
560;32;16;195,190,198
544;48;16;71,39,97
560;48;16;73,41,98
576;32;16;222,221,223
592;32;16;229,229,229
576;48;16;78,51,101
592;48;16;134,117,148
608;32;16;229,229,229
624;32;16;229,229,229
608;48;16;214,212,216
624;48;16;229,229,229
512;64;16;156,125,117
528;64;16;155,124,122
512;80;16;183,154,132
528;80;16;188,159,135
544;64;16;147,115,121
560;64;16;139,108,118
544;80;16;190,161,140
560;80;16;191,162,138
512;96;16;71,60,44
528;96;16;123,101,83
512;112;16;77,84,86
528;112;16;96,94,91
544;96;16;163,139,116
560;96;16;168,137,113
544;112;16;114,96,82
560;112;16;153,120,96
576;64;16;130,99,116
592;64;16;123,93,114
576;80;16;193,165,142
592;80;16;187,161,139
608;64;16;128,106,125
624;64;16;211,209,210
608;80;16;144,125,105
624;80;16;104,93,81
576;96;16;137,110,88
592;96;16;103,84,67
576;112;16;153,130,113
592;112;16;142,141,137
608;96;16;107,84,66
624;96;16;107,84,66
608;112;16;189,178,168
624;112;16;145,123,105
640;64;16;229,229,229
656;64;16;229,229,229
640;80;16;171,170,166
656;80;16;229,229,229
640;96;16;129,124,118
656;96;16;229,229,229
640;112;16;157,153,150
656;112;16;229,229,229
512;128;16;96,102,103
528;128;16;137,136,133
512;144;16;155,123,101
528;144;16;164,135,113
544;128;16;178,162,146
560;128;16;173,142,118
544;144;16;169,142,119
560;144;16;174,140,115
576;128;16;140,132,122
592;128;16;44,53,61
576;144;16;169,144,125
592;144;16;156,143,130
608;128;16;174,168,161
624;128;16;168,149,137
608;144;16;172,161,146
624;144;16;166,147,128
576;160;16;181,152,129
592;160;16;174,140,117
576;176;16;183,152,130
592;176;16;189,159,137
608;160;16;170,134,111
624;160;16;176,145,127
608;176;16;186,153,130
624;176;16;181,146,130
512;192;16;158,118,96
528;192;16;170,135,114
512;208;16;138,100,81
528;208;16;172,141,119
544;192;16;141,102,80
560;192;16;139,99,75
544;208;16;179,148,125
560;208;16;179,148,125
512;224;16;169,136,113
528;224;16;165,129,108
512;240;16;180,151,128
528;240;16;181,152,128
544;224;16;173,136,112
560;224;16;181,143,119
544;240;16;179,148,125
560;240;16;179,146,121
576;192;16;153,116,92
592;192;16;181,148,126
576;208;16;186,156,130
592;208;16;176,143,122
576;224;16;179,143,117
592;224;16;165,129,104
576;240;16;177,143,119
592;240;16;178,147,122
608;224;16;145,108,84
624;224;16;158,122,99
608;240;16;186,157,132
624;240;16;173,144,121
640;128;16;157,147,163
656;128;16;229,229,229
640;144;16;142,131,148
656;144;16;229,229,229
640;160;16;182,174,183
656;160;16;229,229,229
640;176;16;202,195,196
656;176;16;229,229,229
640;192;16;207,199,197
656;192;16;229,229,229
640;208;16;202,190,185
656;208;16;229,229,229
640;224;16;205,197,192
656;224;16;229,229,229
640;240;16;214,210,208
656;240;16;229,229,229
544;288;16;189,160,137
560;288;16;195,167,145
544;304;16;172,142,118
560;304;16;176,147,123
608;256;16;186,158,136
624;256;16;177,152,129
608;272;16;185,157,136
624;272;16;172,150,131
576;288;16;194,166,143
592;288;16;185,157,131
576;304;16;181,151,125
592;304;16;177,147,120
608;288;16;181,154,133
624;288;16;171,150,135
608;304;16;168,140,118
624;304;16;147,130,119
544;320;16;158,123,100
560;320;16;161,126,100
544;336;16;124,89,68
560;336;16;127,92,71
512;352;16;81,53,43
528;352;16;88,56,44
512;368;16;83,61,90
528;368;16;78,49,86
544;352;16;86,56,44
560;352;16;83,53,41
544;368;16;72,36,84
560;368;16;65,28,82
576;320;16;162,129,102
592;320;16;161,125,100
576;336;16;128,93,73
592;336;16;120,87,67
608;320;16;149,116,97
624;320;16;107,99,95
608;336;16;83,55,71
624;336;16;100,95,94
576;352;16;72,44,41
592;352;16;58,27,59
576;368;16;63,28,82
592;368;16;65,34,85
608;352;16;52,24,70
624;352;16;95,88,89
608;368;16;66,38,90
624;368;16;65,42,89
640;256;16;221,220,219
656;256;16;228,228,228
640;272;16;187,183,180
656;272;16;194,191,190
672;256;16;229,229,229
688;256;16;229,229,229
672;272;16;196,195,192
688;272;16;193,193,190
640;288;16;189,185,183
656;288;16;177,173,170
640;304;16;131,126,127
656;304;16;118,113,113
672;288;16;170,166,162
688;288;16;167,164,158
672;304;16;106,103,104
688;304;16;92,90,91
704;256;16;229,229,229
720;256;16;229,229,229
704;272;16;197,196,195
720;272;16;194,194,194
736;256;16;229,229,229
752;256;16;228,228,228
736;272;16;129,128,131
752;272;16;78,76,81
704;288;16;129,127,125
720;288;16;96,94,94
704;304;16;62,60,62
720;304;16;64,60,61
736;288;16;104,100,101
752;288;16;82,78,79
736;304;16;99,95,92
752;304;16;110,104,102
640;352;16;79,79,74
656;352;16;74,73,67
640;368;16;67,45,89
656;368;16;71,59,84
672;352;16;75,76,66
688;352;16;68,67,60
672;368;16;91,108,87
688;368;16;120,159,116
736;320;16;95,94,90
752;320;16;102,102,102
736;336;16;60,62,59
752;336;16;79,87,91
704;352;16;58,54,52
720;352;16;57,56,52
704;368;16;91,117,84
720;368;16;63,68,60
736;352;16;57,58,55
752;352;16;68,73,76
736;368;16;73,74,72
752;368;16;99,102,100
512;384;16;118,151,107
528;384;16;120,146,107
512;400;16;120,169,103
528;400;16;122,169,107
544;384;16;121,140,110
560;384;16;123,134,113
544;400;16;122,168,107
560;400;16;122,170,109
512;416;16;117,166,103
528;416;16;121,169,107
512;432;16;93,132,79
528;432;16;92,133,77
576;384;16;131,132,126
592;384;16;134,134,127
576;400;16;139,171,124
592;400;16;203,199,191
608;384;16;130,135,124
624;384;16;125,129,120
608;400;16;203,199,196
624;400;16;192,193,196
576;416;16;129,169,114
592;416;16;137,166,145
576;432;16;128,169,113
592;432;16;141,177,141
608;416;16;108,130,137
624;416;16;106,133,136
608;432;16;122,151,154
624;432;16;111,158,167
512;448;16;48,76,40
528;448;16;75,112,64
512;464;16;44,71,36
528;464;16;69,109,60
544;448;16;97,142,85
560;448;16;90,114,73
544;464;16;79,118,68
560;464;16;86,78,52
512;480;16;51,74,41
528;480;16;65,106,54
512;496;16;56,82,45
528;496;16;58,95,50
544;480;16;69,111,57
560;480;16;78,74,49
544;496;16;69,110,59
560;496;16;75,90,56
576;448;16;80,73,47
592;448;16;135,160,113
576;464;16;129,56,47
592;464;16;125,99,72
608;448;16;140,162,157
624;448;16;151,164,164
608;464;16;151,183,166
624;464;16;151,168,169
576;480;16;130,50,46
592;480;16;131,70,56
576;496;16;118,43,39
592;496;16;146,67,59
608;480;16;139,173,134
624;480;16;143,180,190
608;496;16;110,142,91
624;496;16;137,174,140
640;384;16;116,113,114
656;384;16;109,103,110
640;400;16;187,190,192
656;400;16;182,190,191
672;384;16;119,122,113
688;384;16;124,127,120
672;400;16;185,190,191
688;400;16;190,193,193
640;416;16;102,124,130
656;416;16;104,152,164
640;432;16;106,160,173
656;432;16;120,159,168
672;416;16;101,125,128
688;416;16;109,130,135
672;432;16;119,160,166
688;432;16;115,157,168
704;384;16;128,127,121
720;384;16;133,132,129
704;400;16;200,197,197
720;400;16;201,198,190
736;384;16;128,133,127
752;384;16;121,141,122
736;400;16;126,157,112
752;400;16;127,170,112
704;416;16;108,132,135
720;416;16;129,148,148
704;432;16;113,151,160
720;432;16;118,151,153
736;416;16;116,152,103
752;416;16;145,156,103
736;432;16;119,152,110
752;432;16;136,157,112
640;448;16;139,155,157
656;448;16;134,152,155
640;464;16;153,163,165
656;464;16;141,154,154
672;448;16;146,162,164
688;448;16;129,144,146
672;464;16;145,158,159
688;464;16;140,151,152
640;480;16;127,168,179
656;480;16;140,159,164
640;496;16;143,178,163
656;496;16;138,177,174
672;480;16;149,161,164
688;480;16;131,159,166
672;496;16;154,175,177
688;496;16;137,177,180
704;448;16;140,156,157
720;448;16;131,152,153
704;464;16;146,162,160
720;464;16;117,155,158
736;448;16;118,152,113
752;448;16;126,172,112
736;464;16;119,153,120
752;464;16;125,171,112
704;480;16;120,165,175
720;480;16;104,166,180
704;496;16;144,180,175
720;496;16;148,177,153
736;480;16;121,153,118
752;480;16;124,169,110
736;496;16;136,172,121
752;496;16;124,169,110
768;256;16;229,229,229
784;256;16;229,229,229
768;272;16;128,126,127
784;272;16;203,202,203
768;288;16;69,66,68
784;288;16;115,113,114
768;304;16;83,77,76
784;304;16;91,86,84
800;288;16;222,222,222
816;288;16;229,229,229
800;304;16;145,138,148
816;304;16;227,227,228
768;320;16;124,122,120
784;320;16;85,81,80
768;336;16;97,97,98
784;336;16;93,95,93
800;320;16;93,92,91
816;320;16;186,189,186
800;336;16;80,95,65
816;336;16;91,121,78
768;352;16;98,98,99
784;352;16;109,115,117
768;368;16;115,119,121
784;368;16;117,128,132
800;352;16;65,83,48
816;352;16;80,109,68
800;368;16;94,109,81
816;368;16;106,146,93
832;320;16;229,229,229
848;320;16;229,229,229
832;336;16;178,195,174
848;336;16;228,228,228
832;352;16;104,143,95
848;352;16;188,203,186
832;368;16;100,137,86
848;368;16;143,180,143
864;352;16;229,229,229
880;352;16;229,229,229
864;368;16;228,228,228
880;368;16;229,229,229
768;384;16;123,154,126
784;384;16;133,166,139
768;400;16;127,165,112
784;400;16;140,173,129
800;384;16;142,182,155
816;384;16;135,180,142
800;400;16;157,181,155
816;400;16;174,198,184
768;416;16;155,147,92
784;416;16;146,140,88
768;432;16;142,146,92
784;432;16;139,152,97
800;416;16;158,152,92
816;416;16;178,182,166
800;432;16;141,162,105
816;432;16;144,173,136
832;384;16;116,162,107
848;384;16;132,175,137
832;400;16;136,175,138
848;400;16;132,177,140
864;384;16;212,218,213
880;384;16;229,229,229
864;400;16;107,119,111
880;400;16;213,213,213
832;416;16;156,187,167
848;416;16;138,180,146
832;432;16;158,192,178
848;432;16;145,186,157
864;416;16;86,101,90
880;416;16;110,117,122
864;432;16;94,108,100
880;432;16;73,81,89
768;448;16;122,169,108
784;448;16;121,169,107
768;464;16;117,158,97
784;464;16;114,81,54
800;448;16;120,163,106
816;448;16;126,168,124
800;464;16;108,105,73
816;464;16;105,152,90
768;480;16;110,108,69
784;480;16;158,65,61
768;496;16;113,102,67
784;496;16;152,59,55
800;480;16;153,69,66
816;480;16;123,148,100
800;496;16;152,55,51
816;496;16;138,119,92
832;448;16;156,193,178
848;448;16;152,190,170
832;464;16;135,177,140
848;464;16;156,193,180
864;448;16;109,123,115
880;448;16;63,67,71
864;464;16;116,124,119
880;464;16;63,64,64
832;480;16;132,175,130
848;480;16;155,191,178
832;496;16;133,178,134
848;496;16;157,193,181
864;480;16;96,103,95
880;480;16;64,62,59
864;496;16;58,60,54
880;496;16;72,66,64
896;416;16;218,219,219
912;416;16;229,229,229
896;432;16;154,165,171
912;432;16;225,226,226
896;448;16;131,140,147
912;448;16;189,196,199
896;464;16;124,127,126
912;464;16;148,158,165
928;448;16;229,229,229
944;448;16;229,229,229
928;464;16;228,228,228
944;464;16;229,229,229
896;480;16;81,78,75
912;480;16;122,128,133
896;496;16;92,87,84
912;496;16;107,109,110
928;480;16;190,191,190
944;480;16;228,228,228
928;496;16;150,147,142
944;496;16;221,220,219
32;512;16;229,229,229
48;512;16;217,217,217
32;528;16;221,221,221
48;528;16;187,184,186
0;544;16;229,229,229
16;544;16;224,224,224
0;560;16;226,226,226
16;560;16;191,190,188
32;544;16;189,187,185
48;544;16;192,186,184
32;560;16;191,185,183
48;560;16;192,187,182
64;512;16;186,183,182
80;512;16;189,187,188
64;528;16;190,185,183
80;528;16;171,171,169
96;512;16;172,159,137
112;512;16;117,100,95
96;528;16;172,162,108
112;528;16;148,131,99
64;544;16;190,185,187
80;544;16;152,150,146
64;560;16;185,181,180
80;560;16;179,160,154
96;544;16;194,186,168
112;544;16;183,176,168
96;560;16;143,74,69
112;560;16;135,89,83
0;576;16;195,193,196
16;576;16;189,185,183
0;592;16;186,180,180
16;592;16;193,188,185
0;608;16;164,158,153
16;608;16;190,184,178
0;624;16;136,132,126
16;624;16;160,154,149
64;576;16;191,186,182
80;576;16;168,115,111
64;592;16;192,186,183
80;592;16;179,147,144
96;576;16;154,58,51
112;576;16;174,95,88
96;592;16;140,50,45
112;592;16;143,55,51
96;608;16;191,174,171
112;608;16;189,173,169
96;624;16;181,175,166
112;624;16;179,174,165
128;512;16;119,105,97
144;512;16;154,137,123
128;528;16;124,106,97
144;528;16;118,107,104
160;512;16;118,115,111
176;512;16;114,109,105
160;528;16;156,135,118
176;528;16;119,114,112
128;544;16;182,173,161
144;544;16;145,123,111
128;560;16;180,173,168
144;560;16;142,135,122
160;544;16;112,107,101
176;544;16;164,144,131
160;560;16;160,137,106
176;560;16;138,114,86
224;512;16;107,103,98
240;512;16;36,32,29
224;528;16;108,103,101
240;528;16;43,38,35
192;544;16;114,107,103
208;544;16;104,100,96
192;560;16;147,140,133
208;560;16;97,93,86
224;544;16;101,96,93
240;544;16;43,38,35
224;560;16;92,89,82
240;560;16;41,35,32
128;576;16;149,125,119
144;576;16;146,140,120
128;592;16;173,155,150
144;592;16;137,131,114
160;576;16;148,141,94
176;576;16;185,174,149
160;592;16;182,176,158
176;592;16;178,170,160
192;576;16;175,169,157
208;576;16;127,121,111
192;592;16;182,176,165
208;592;16;146,140,130
224;576;16;75,71,64
240;576;16;33,26,24
224;592;16;33,31,25
240;592;16;29,21,19
192;608;16;172,166,154
208;608;16;102,97,87
192;624;16;136,116,107
208;624;16;120,111,103
224;608;16;39,35,33
240;608;16;58,54,47
224;624;16;108,105,96
240;624;16;116,112,99
32;640;16;160,155,149
48;640;16;197,191,186
32;656;16;117,115,112
48;656;16;145,141,136
32;672;16;128,128,125
48;672;16;126,124,121
32;688;16;125,124,121
48;688;16;127,127,123
64;640;16;199,193,190
80;640;16;200,194,190
64;656;16;186,179,177
80;656;16;196,191,187
96;640;16;198,192,188
112;640;16;195,190,185
96;656;16;194,189,184
112;656;16;186,180,174
64;672;16;127,124,121
80;672;16;122,121,116
64;688;16;127,125,122
80;688;16;119,121,114
96;672;16;135,132,127
112;672;16;110,105,97
96;688;16;125,142,116
112;688;16;117,129,108
32;704;16;112,112,107
48;704;16;112,114,109
32;720;16;94,95,91
48;720;16;96,107,90
0;736;16;76,76,72
16;736;16;73,74,68
0;752;16;104,106,101
16;752;16;66,80,63
32;736;16;80,92,74
48;736;16;112,154,96
32;752;16;103,146,89
48;752;16;108,157,91
64;704;16;118,124,109
80;704;16;129,167,118
64;720;16;121,163,105
80;720;16;125,172,110
128;640;16;191,186,179
144;640;16;187,182,172
128;656;16;163,157,146
144;656;16;149,143,131
160;640;16;178,173,162
176;640;16;164,159,150
160;656;16;174,171,163
176;656;16;208,208,206
128;672;16;137,133,126
144;672;16;200,199,196
128;688;16;201,201,199
144;688;16;229,229,229
160;672;16;228,228,228
176;672;16;228,228,228
160;688;16;229,229,229
176;688;16;229,229,229
192;640;16;115,97,91
208;640;16;121,93,89
192;656;16;126,118,109
208;656;16;115,100,92
192;672;16;149,143,137
208;672;16;112,106,101
192;688;16;180,176,173
208;688;16;119,115,107
224;672;16;127,124,115
240;672;16;135,129,120
224;688;16;115,113,119
240;688;16;135,131,122
128;704;16;160,187,149
144;704;16;225,226,225
128;720;16;123,171,104
144;720;16;148,181,137
160;704;16;229,229,229
176;704;16;229,229,229
160;720;16;222,224,220
176;720;16;229,229,229
128;736;16;127,173,111
144;736;16;123,171,104
128;752;16;137,177,121
144;752;16;128,172,114
160;736;16;140,175,127
176;736;16;220,222,219
160;752;16;129,170,111
176;752;16;148,175,137
192;704;16;211,209,208
208;704;16;127,123,114
192;720;16;228,228,228
208;720;16;145,142,135
224;704;16;92,95,115
240;704;16;110,109,118
224;720;16;95,85,89
240;720;16;56,48,82
192;736;16;229,229,229
208;736;16;165,164,163
192;752;16;226,226,226
208;752;16;191,191,190
224;736;16;96,48,44
240;736;16;52,27,51
224;752;16;92,52,50
240;752;16;81,28,35
288;512;16;106,100,90
304;512;16;167,161,153
288;528;16;113,108,97
304;528;16;166,160,152
256;544;16;30,26,23
272;544;16;36,30,27
256;560;16;28,25,22
272;560;16;46,41,37
288;544;16;132,126,116
304;544;16;166,160,152
288;560;16;153,147,135
304;560;16;164,159,150
352;512;16;162,157,151
368;512;16;129,140,115
352;528;16;166,160,154
368;528;16;162,157,149
256;576;16;29,25,22
272;576;16;90,84,77
256;592;16;46,41,37
272;592;16;141,135,125
256;608;16;128,122,110
272;608;16;148,142,130
256;624;16;143,136,123
272;624;16;147,141,129
384;512;16;88,121,71
400;512;16;110,147,94
384;528;16;126,136,110
400;528;16;90,121,71
384;544;16;161,157,147
400;544;16;140,143,125
384;560;16;165,160,151
400;560;16;162,157,149
416;544;16;103,122,85
432;544;16;103,132,88
416;560;16;158,154,143
432;560;16;141,139,123
448;512;16;98,131,85
464;512;16;55,75,68
448;528;16;108,148,95
464;528;16;104,143,90
480;512;16;34,46,76
496;512;16;62,86,68
480;528;16;94,134,82
496;528;16;105,149,91
448;544;16;112,149,98
464;544;16;111,157,99
448;560;16;118,125,99
464;560;16;103,121,85
480;544;16;109,157,96
496;544;16;109,156,97
480;560;16;97,126,81
496;560;16;97,136,83
384;608;16;177,172,164
400;608;16;179,173,165
384;624;16;174,170,160
400;624;16;173,167,161
416;608;16;179,175,168
432;608;16;158,149,153
416;624;16;119,105,122
432;624;16;55,30,74
448;576;16;162,156,148
464;576;16;154,148,138
448;592;16;178,171,168
464;592;16;105,88,110
480;576;16;102,92,100
496;576;16;44,29,55
480;592;16;55,28,72
496;592;16;53,24,72
448;608;16;76,56,90
464;608;16;55,24,74
448;624;16;50,20,69
464;624;16;50,20,69
288;672;16;151,146,134
304;672;16;152,148,136
288;688;16;142,135,127
304;688;16;106,95,102
352;640;16;169,164,156
368;640;16;169,165,158
352;656;16;161,153,148
368;656;16;104,87,108
320;672;16;152,147,137
336;672;16;114,101,112
320;688;16;56,36,70
336;688;16;42,15,61
352;672;16;57,33,73
368;672;16;43,16,61
352;688;16;42,15,61
368;688;16;41,14,61
256;704;16;122,119,118
272;704;16;93,85,98
256;720;16;50,38,75
272;720;16;36,15,55
288;704;16;53,35,68
304;704;16;38,13,55
288;720;16;32,11,47
304;720;16;36,12,51
288;736;16;65,56,63
304;736;16;38,22,43
288;752;16;36,15,50
304;752;16;36,12,48
320;736;16;39,13,56
336;736;16;40,14,55
320;752;16;55,33,61
336;752;16;103,90,94
352;736;16;52,30,58
368;736;16;108,96,98
352;752;16;148,143,128
368;752;16;156,151,133
384;640;16;149,140,145
400;640;16;76,56,87
384;656;16;49,23,66
400;656;16;42,15,62
416;672;16;42,13,60
432;672;16;43,12,61
416;688;16;40,13,58
432;688;16;51,26,58
480;640;16;50,19,65
496;640;16;48,20,63
480;656;16;57,33,69
496;656;16;147,135,138
448;672;16;40,14,57
464;672;16;83,66,86
448;688;16;126,110,114
464;688;16;173,164,159
480;672;16;167,158,153
496;672;16;180,173,164
480;688;16;175,168,159
496;688;16;175,169,158
384;704;16;40,13,61
400;704;16;38,15,54
384;720;16;59,40,67
400;720;16;130,120,118
416;704;16;84,65,84
432;704;16;157,146,141
416;720;16;166,158,148
432;720;16;164,155,143
384;736;16;156,150,137
400;736;16;160,155,139
384;752;16;140,135,119
400;752;16;61,55,48
416;736;16;119,113,104
432;736;16;34,31,29
416;752;16;12,8,9
432;752;16;13,8,9
448;704;16;170,162,153
464;704;16;170,160,150
448;720;16;114,107,97
464;720;16;39,37,35
480;704;16;136,130,122
496;704;16;86,81,75
480;720;16;10,9,9
496;720;16;6,5,6
0;768;16;201,207,199
16;768;16;101,135,84
0;784;16;101,125,85
16;784;16;93,126,72
32;768;16;105,143,84
48;768;16;104,151,90
32;784;16;97,134,77
48;784;16;103,137,83
0;800;16;81,102,60
16;800;16;83,108,63
0;816;16;99,117,84
16;816;16;111,116,92
32;800;16;108,121,87
48;800;16;154,153,136
32;816;16;145,135,123
48;816;16;151,142,131
64;768;16;109,156,92
80;768;16;112,158,93
64;784;16;131,155,115
80;784;16;172,175,157
96;768;16;132,167,115
112;768;16;162,180,148
96;784;16;191,187,177
112;784;16;195,190,182
0;832;16;228,228,228
16;832;16;207,206,204
0;848;16;229,229,229
16;848;16;229,229,229
32;832;16;157,152,142
48;832;16;140,131,118
32;848;16;228,228,228
48;848;16;200,198,194
64;832;16;146,137,124
80;832;16;156,147,134
64;848;16;152,146,136
80;848;16;142,132,120
64;864;16;228,228,227
80;864;16;196,195,191
64;880;16;229,229,229
80;880;16;229,229,229
96;864;16;152,147,136
112;864;16;142,134,122
96;880;16;228,228,227
112;880;16;197,194,190
128;768;16;190,190,176
144;768;16;203,198,191
128;784;16;198,192,186
144;784;16;201,193,191
160;768;16;206,198,195
176;768;16;199,193,187
160;784;16;207,197,195
176;784;16;207,197,196
128;800;16;193,188,183
144;800;16;193,182,177
128;816;16;188,183,173
144;816;16;192,187,178
160;800;16;139,97,93
176;800;16;179,160,154
160;816;16;146,108,102
176;816;16;135,71,66
192;768;16;206,204,200
208;768;16;226,226,226
192;784;16;201,192,191
208;784;16;215,212,212
224;768;16;93,71,68
240;768;16;100,30,27
224;784;16;135,129,127
240;784;16;76,68,43
192;800;16;206,196,193
208;800;16;200,192,190
192;816;16;175,159,152
208;816;16;206,196,193
224;800;16;186,185,183
240;800;16;62,71,51
224;816;16;201,193,190
240;816;16;97,91,86
160;832;16;192,186,179
176;832;16;165,138,132
160;848;16;186,181,171
176;848;16;191,185,177
128;864;16;153,144,133
144;864;16;165,158,147
128;880;16;153,147,136
144;880;16;143,135,122
192;832;16;194,182,178
208;832;16;199,190,187
192;848;16;200,193,189
208;848;16;207,198,196
224;832;16;203,196,192
240;832;16;176,171,166
224;848;16;200,194,192
240;848;16;195,190,185
128;896;16;228,228,228
144;896;16;201,199,196
128;912;16;229,229,229
144;912;16;229,229,229
160;896;16;164,157,150
176;896;16;145,137,125
160;912;16;228,228,228
176;912;16;216,216,214
192;896;16;156,149,135
208;896;16;156,149,136
192;912;16;197,196,192
208;912;16;211,210,208
224;896;16;172,166,152
240;896;16;179,172,161
224;912;16;185,183,179
240;912;16;168,162,153
224;928;16;229,229,229
240;928;16;225,225,225
224;944;16;229,229,229
240;944;16;229,229,229
256;768;16;82,47,53
272;768;16;72,58,71
256;784;16;70,72,48
272;784;16;120,115,103
288;768;16;71,54,71
304;768;16;111,99,98
288;784;16;123,117,106
304;784;16;137,130,119
256;800;16;42,50,30
272;800;16;112,109,97
256;816;16;32,28,25
272;816;16;39,45,30
288;800;16;90,86,74
304;800;16;106,100,88
288;816;16;49,56,35
304;816;16;53,58,37
320;768;16;147,141,127
336;768;16;154,149,135
320;784;16;147,142,126
336;784;16;127,121,106
352;768;16;152,149,130
368;768;16;95,92,79
352;784;16;76,70,56
368;784;16;49,43,34
320;800;16;89,81,70
336;800;16;67,60,49
320;816;16;58,60,41
336;816;16;59,61,44
352;800;16;62,54,43
368;800;16;43,37,28
352;816;16;60,60,42
368;816;16;42,43,35
256;832;16;45,42,38
272;832;16;87,88,78
256;848;16;159,155,151
272;848;16;192,186,181
288;832;16;116,124,101
304;832;16;91,103,73
288;848;16;161,186,148
304;848;16;136,179,124
256;864;16;199,193,187
272;864;16;203,196,190
256;880;16;204,195,190
272;880;16;211,203,198
288;864;16;176,191,163
304;864;16;140,185,127
288;880;16;184,195,171
304;880;16;146,187,131
320;832;16;66,79,50
336;832;16;52,66,35
320;848;16;134,175,120
336;848;16;139,169,126
352;832;16;44,57,30
368;832;16;29,36,21
352;848;16;160,160,151
368;848;16;62,37,76
352;864;16;163,186,148
368;864;16;117,93,125
352;880;16;150,187,137
368;880;16;143,120,144
384;768;16;14,12,10
400;768;16;3,3,3
384;784;16;18,13,13
400;784;16;15,10,11
384;800;16;10,7,7
400;800;16;12,9,11
384;816;16;23,24,25
400;816;16;9,9,8
384;832;16;19,19,18
400;832;16;22,20,20
384;848;16;16,14,16
400;848;16;5,7,6
384;864;16;80,91,72
400;864;16;78,105,63
384;880;16;67,60,65
400;880;16;85,110,65
416;864;16;64,87,53
432;864;16;50,68,43
416;880;16;96,129,77
432;880;16;100,139,82
448;864;16;38,50,32
464;864;16;32,37,26
448;880;16;103,149,86
464;880;16;106,152,92
480;864;16;21,24,17
496;864;16;20,20,17
480;880;16;108,145,92
496;880;16;103,140,89
256;896;16;196,187,180
272;896;16;203,195,189
256;912;16;172,166,156
272;912;16;193,187,181
288;896;16;202,205,189
304;896;16;153,188,139
288;912;16;178,190,165
304;912;16;144,185,129
256;928;16;163,159,149
272;928;16;177,173,165
256;944;16;208,207,205
272;944;16;160,156,145
288;928;16;182,188,167
304;928;16;139,181,125
288;944;16;180,176,166
304;944;16;177,182,162
352;896;16;153,188,139
368;896;16;152,135,152
352;912;16;162,190,149
368;912;16;151,134,150
320;928;16;139,182,127
336;928;16;143,183,127
320;944;16;146,179,133
336;944;16;137,179,122
352;928;16;168,189,156
368;928;16;139,121,143
352;944;16;187,191,174
368;944;16;118,94,126
256;960;16;229,229,229
272;960;16;203,202,199
256;976;16;229,229,229
272;976;16;229,229,229
288;960;16;161,157,145
304;960;16;166,158,145
288;976;16;228,228,227
304;976;16;208,207,204
320;960;16;177,172,160
336;960;16;183,182,167
320;976;16;185,180,173
336;976;16;150,143,130
352;960;16;193,186,178
368;960;16;85,55,99
352;976;16;118,106,112
368;976;16;57,26,71
320;992;16;229,229,229
336;992;16;217,216,216
320;1008;16;229,229,229
336;1008;16;229,229,229
352;992;16;180,177,182
368;992;16;134,133,137
352;1008;16;207,209,212
368;1008;16;148,149,148
384;896;16;102,82,102
400;896;16;123,118,99
384;912;16;75,58,78
400;912;16;73,65,57
416;896;16;137,135,112
432;896;16;134,139,112
416;912;16;98,89,80
432;912;16;113,106,96
384;928;16;96,80,99
400;928;16;113,107,97
384;944;16;107,94,105
400;944;16;143,137,128
416;928;16;150,144,134
432;928;16;157,150,142
416;944;16;171,166,158
432;944;16;185,180,174
448;896;16;126,139,106
464;896;16;113,134,95
448;912;16;125,116,105
464;912;16;132,125,112
480;896;16;112,145,96
496;896;16;115,157,97
480;912;16;146,140,123
496;912;16;139,134,117
448;928;16;149,142,135
464;928;16;124,117,107
448;944;16;198,191,187
464;944;16;188,179,173
480;928;16;118,112,102
496;928;16;116,109,97
480;944;16;212,203,197
496;944;16;173,166,158
384;960;16;128,117,117
400;960;16;150,145,134
384;976;16;123,114,112
400;976;16;155,150,139
384;992;16;146,140,131
400;992;16;167,162,153
384;1008;16;160,154,148
400;1008;16;174,171,164
448;960;16;199,191,189
464;960;16;191,182,176
448;976;16;191,182,176
464;976;16;196,188,184
480;960;16;216,206,202
496;960;16;205,199,193
480;976;16;202,196,193
496;976;16;201,195,191
448;992;16;186,176,168
464;992;16;200,193,189
448;1008;16;187,179,171
464;1008;16;200,193,190
512;512;16;71,103,60
528;512;16;46,75,38
512;528;16;100,143,85
528;528;16;57,84,49
544;512;16;67,98,54
560;512;16;83,115,70
544;528;16;60,87,47
560;528;16;104,149,89
512;544;16;108,157,95
528;544;16;109,158,95
512;560;16;108,152,90
528;560;16;110,157,95
576;512;16;91,30,26
592;512;16;144,65,59
576;528;16;71,46,35
592;528;16;104,44,38
608;512;16;100,123,75
624;512;16;125,168,110
608;528;16;92,121,73
624;528;16;120,167,106
576;544;16;100,140,85
592;544;16;82,111,67
576;560;16;112,160,98
592;560;16;113,162,98
608;544;16;111,156,96
624;544;16;116,164,101
608;560;16;115,163,100
624;560;16;115,164,101
512;576;16;48,37,55
528;576;16;58,59,57
512;592;16;53,22,72
528;592;16;52,21,71
544;576;16;74,91,66
560;576;16;92,125,80
544;592;16;49,19,71
560;592;16;56,34,64
512;608;16;54,22,72
528;608;16;52,20,71
512;624;16;49,18,67
528;624;16;89,67,94
544;608;16;74,45,82
560;608;16;173,165,165
544;624;16;180,172,169
560;624;16;191,186,176
576;576;16;108,151,93
592;576;16;113,160,97
576;592;16;128,126,114
592;592;16;122,130,106
608;576;16;113,162,99
624;576;16;115,164,100
608;592;16;116,128,99
624;592;16;118,133,101
672;512;16;164,186,148
688;512;16;128,162,115
672;528;16;154,182,138
688;528;16;108,146,94
672;544;16;143,177,127
688;544;16;99,135,82
672;560;16;134,172,120
688;560;16;90,127,73
704;512;16;163,189,150
720;512;16;137,175,124
704;528;16;151,183,137
720;528;16;137,173,122
640;576;16;116,164,102
656;576;16;119,160,103
640;592;16;137,147,122
656;592;16;168,167,153
672;576;16;135,157,119
688;576;16;115,128,98
672;592;16;193,188,180
688;592;16;194,189,180
704;576;16;107,135,90
720;576;16;120,160,105
704;592;16;168,165,154
720;592;16;126,130,109
736;576;16;122,167,109
752;576;16;118,166,104
736;592;16;120,132,104
752;592;16;133,143,118
512;640;16;117,101,114
528;640;16;185,179,170
512;656;16;183,177,167
528;656;16;185,179,170
512;672;16;182,174,166
528;672;16;183,176,167
512;688;16;176,169,159
528;688;16;172,164,156
544;672;16;182,178,169
560;672;16;184,179,169
544;688;16;152,144,139
560;688;16;130,122,118
576;672;16;187,181,172
592;672;16;190,181,173
576;688;16;111,106,100
592;688;16;96,91,87
608;672;16;191,183,175
624;672;16;191,185,176
608;688;16;81,78,75
624;688;16;71,68,65
512;704;16;50,44,42
528;704;16;23,18,17
512;720;16;4,2,4
528;720;16;3,3,3
576;736;16;29,24,23
592;736;16;30,26,26
576;752;16;12,11,11
592;752;16;13,11,12
608;736;16;30,27,26
624;736;16;29,26,24
608;752;16;14,11,12
624;752;16;14,12,14
640;672;16;191,186,177
656;672;16;192,186,179
640;688;16;64,62,58
656;688;16;57,55,52
672;672;16;191,186,178
688;672;16;191,185,177
672;688;16;53,51,50
688;688;16;52,50,48
704;672;16;190,184,177
720;672;16;188,183,176
704;688;16;54,51,49
720;688;16;61,58,55
736;672;16;186,181,171
752;672;16;180,177,166
736;688;16;78,74,68
752;688;16;112,107,96
704;736;16;26,23,20
720;736;16;24,20,19
704;752;16;20,18,18
720;752;16;32,29,27
736;736;16;24,17,11
752;736;16;25,19,14
736;752;16;27,21,16
752;752;16;31,25,17
768;512;16;114,133,85
784;512;16;134,45,40
768;528;16;118,165,105
784;528;16;102,89,60
800;512;16;150,54,49
816;512;16;122,95,69
800;528;16;109,42,35
816;528;16;102,118,74
800;544;16;123,161,109
816;544;16;122,167,110
800;560;16;117,165,103
816;560;16;117,159,110
832;512;16;136,179,140
848;512;16;156,192,180
832;528;16;131,177,137
848;528;16;137,173,160
864;512;16;38,37,32
880;512;16;87,81,77
864;528;16;38,32,29
880;528;16;103,97,95
832;544;16;127,173,129
848;544;16;83,100,89
832;560;16;115,127,107
848;560;16;37,32,29
864;544;16;64,58,56
880;544;16;97,93,90
864;560;16;84,79,75
880;560;16;88,83,79
768;576;16;118,160,103
784;576;16;95,123,89
768;592;16;120,115,113
784;592;16;49,19,71
800;576;16;78,80,91
816;576;16;132,126,141
800;592;16;65,39,94
816;592;16;93,78,117
768;608;16;188,181,173
784;608;16;73,48,81
768;624;16;186,181,174
784;624;16;140,128,133
800;608;16;59,28,82
816;608;16;67,45,93
800;624;16;49,18,68
816;624;16;64,39,85
832;576;16;116,112,107
848;576;16;65,62,54
832;592;16;106,102,94
848;592;16;74,67,58
864;576;16;77,74,65
880;576;16;92,87,77
864;592;16;115,109,96
880;592;16;159,152,135
832;608;16;125,115,106
848;608;16;125,113,97
832;624;16;155,149,150
848;624;16;123,114,99
896;512;16;103,99,96
912;512;16;109,109,105
896;528;16;107,102,100
912;528;16;100,95,92
928;512;16;144,138,131
944;512;16;204,200,198
928;528;16;165,159,153
944;528;16;162,170,173
896;544;16;99,95,92
912;544;16;110,106,101
896;560;16;94,88,82
912;560;16;164,157,148
928;544;16;184,179,172
944;544;16;142,156,161
928;560;16;189,184,175
944;560;16;94,108,111
960;512;16;224,223,224
976;512;16;229,229,229
960;528;16;131,142,149
976;528;16;207,210,213
960;544;16;103,129,138
976;544;16;136,158,169
960;560;16;147,161,168
976;560;16;98,118,128
992;544;16;219,220,221
1008;544;16;229,229,229
992;560;16;177,196,206
1008;560;16;225,225,226
896;576;16;137,131,117
912;576;16;171,163,152
896;592;16;156,148,134
912;592;16;141,134,116
928;576;16;185,179,170
944;576;16;99,106,104
928;592;16;157,152,137
944;592;16;110,122,119
928;608;16;158,152,138
944;608;16;152,143,126
928;624;16;172,167,157
944;624;16;180,176,164
960;576;16;101,142,158
976;576;16;96,137,156
960;592;16;82,108,119
976;592;16;94,111,116
992;576;16;171,180,183
1008;576;16;220,220,219
992;592;16;193,187,182
1008;592;16;207,202,200
960;608;16;114,121,117
976;608;16;145,151,150
960;624;16;180,173,163
976;624;16;187,181,174
992;608;16;189,185,177
1008;608;16;201,197,192
992;624;16;192,187,181
1008;624;16;183,181,178
768;640;16;185,180,172
784;640;16;180,173,167
768;656;16;184,178,170
784;656;16;179,172,163
800;640;16;54,27,65
816;640;16;62,38,82
800;656;16;84,64,87
816;656;16;58,37,76
768;672;16;177,173,164
784;672;16;173,168,160
768;688;16;155,150,138
784;688;16;168,163,154
800;672;16;103,89,100
816;672;16;75,57,90
800;688;16;110,97,105
816;688;16;121,110,128
832;640;16;191,188,195
848;640;16;195,194,190
832;656;16;210,209,211
848;656;16;229,229,229
864;640;16;145,140,128
880;640;16;111,106,89
864;656;16;228,228,228
880;656;16;91,92,91
832;672;16;228,228,228
848;672;16;228,228,228
832;688;16;229,229,229
848;688;16;213,216,213
864;672;16;120,129,113
880;672;16;43,51,38
864;688;16;130,144,123
880;688;16;181,186,178
768;704;16;60,54,43
784;704;16;154,148,137
768;720;16;40,34,27
784;720;16;148,143,129
800;704;16;103,90,98
816;704;16;179,175,182
800;720;16;103,93,101
816;720;16;227,226,227
768;736;16;63,57,48
784;736;16;132,127,118
768;752;16;126,121,109
784;752;16;216,215,214
800;736;16;192,191,191
816;736;16;229,229,229
800;752;16;229,229,229
816;752;16;228,228,228
832;704;16;229,229,229
848;704;16;164,177,169
832;720;16;227,227,227
848;720;16;118,141,136
864;704;16;196,203,196
880;704;16;229,229,229
864;720;16;158,165,153
880;720;16;221,221,220
832;736;16;197,200,203
848;736;16;143,150,151
832;752;16;162,167,170
848;752;16;143,139,135
864;736;16;149,143,136
880;736;16;180,176,169
864;752;16;173,168,161
880;752;16;187,181,174
896;640;16;112,109,90
912;640;16;124,120,102
896;656;16;42,41,34
912;656;16;47,44,38
928;640;16;136,131,117
944;640;16;150,144,133
928;656;16;59,57,51
944;656;16;79,78,73
896;672;16;34,37,30
912;672;16;43,46,38
896;688;16;125,134,120
912;688;16;76,103,60
928;672;16;62,67,55
944;672;16;87,107,79
928;688;16;101,140,84
944;688;16;118,164,102
960;640;16;159,155,145
976;640;16;167,162,154
960;656;16;94,95,89
976;656;16;108,112,104
992;640;16;159,155,148
1008;640;16;105,107,107
992;656;16;107,108,99
1008;656;16;103,102,99
960;672;16;123,151,110
976;672;16;171,192,157
960;688;16;169,192,154
976;688;16;144,180,129
992;672;16;136,172,120
1008;672;16;116,144,107
992;688;16;121,168,104
1008;688;16;115,165,98
896;704;16;157,178,148
912;704;16;107,151,91
896;720;16;123,150,108
912;720;16;111,148,95
928;704;16;114,161,100
944;704;16;152,184,138
928;720;16;127,161,110
944;720;16;189,205,174
896;736;16;187,182,179
912;736;16;194,188,182
896;752;16;193,187,184
912;752;16;210,201,200
928;736;16;207,200,192
944;736;16;183,177,168
928;752;16;202,194,190
944;752;16;198,191,185
960;704;16;171,196,157
976;704;16;123,170,106
960;720;16;139,174,123
976;720;16;119,166,104
960;736;16;166,169,150
976;736;16;145,161,126
960;752;16;194,189,183
976;752;16;185,179,170
992;736;16;114,148,97
1008;736;16;98,139,83
992;752;16;166,162,151
1008;752;16;134,147,122
544;768;16;45,41,37
560;768;16;51,47,44
544;784;16;16,13,12
560;784;16;16,14,13
512;800;16;40,36,32
528;800;16;42,38,34
512;816;16;20,17,15
528;816;16;20,18,16
544;800;16;46,41,38
560;800;16;51,46,43
544;816;16;21,18,16
560;816;16;21,17,15
576;768;16;55,50,48
592;768;16;52,47,45
576;784;16;16,14,13
592;784;16;16,14,13
608;768;16;48,43,41
624;768;16;42,38,35
608;784;16;16,14,13
624;784;16;15,14,12
576;800;16;54,49,46
592;800;16;52,48,44
576;816;16;19,17,15
592;816;16;17,15,14
608;800;16;48,44,41
624;800;16;44,40,37
608;816;16;16,15,12
624;816;16;15,14,12
544;832;16;38,34,31
560;832;16;44,41,37
544;848;16;29,25,22
560;848;16;28,24,20
512;864;16;23,19,18
528;864;16;25,21,19
512;880;16;97,130,85
528;880;16;93,125,78
544;864;16;29,25,22
560;864;16;36,33,30
544;880;16;95,124,80
560;880;16;94,124,80
576;832;16;50,46,43
592;832;16;52,48,45
576;848;16;25,22,20
592;848;16;21,19,16
608;832;16;49,44,41
624;832;16;47,41,38
608;848;16;17,17,14
624;848;16;17,15,12
576;864;16;45,40,38
592;864;16;51,46,43
576;880;16;91,121,76
592;880;16;91,127,79
608;864;16;51,48,43
624;864;16;47,47,40
608;880;16;99,137,83
624;880;16;110,153,93
640;800;16;41,38,34
656;800;16;40,36,33
640;816;16;16,14,13
656;816;16;16,14,14
704;768;16;29,29,25
720;768;16;32,32,27
704;784;16;28,28,25
720;784;16;59,59,59
736;768;16;39,34,24
752;768;16;111,107,92
736;784;16;160,159,150
752;784;16;207,205,202
704;800;16;25,24,21
720;800;16;62,57,58
704;816;16;39,39,37
720;816;16;62,71,61
736;800;16;144,137,140
752;800;16;159,171,145
736;816;16;93,100,87
752;816;16;154,164,143
640;832;16;44,40,36
656;832;16;39,36,33
640;848;16;17,15,12
656;848;16;17,16,14
672;832;16;34,31,28
688;832;16;27,24,21
672;848;16;26,22,19
688;848;16;37,39,32
640;864;16;54,57,45
656;864;16;65,81,57
640;880;16;115,162,97
656;880;16;116,165,99
672;864;16;84,112,71
688;864;16;108,151,93
672;880;16;114,164,97
688;880;16;108,156,93
704;832;16;25,27,22
720;832;16;75,104,62
704;848;16;78,105,68
720;848;16;108,155,94
736;832;16;97,128,87
752;832;16;110,95,117
736;848;16;110,158,98
752;848;16;71,59,79
704;864;16;112,160,98
720;864;16;112,158,96
704;880;16;119,161,105
720;880;16;163,172,150
736;864;16;120,136,105
752;864;16;42,30,45
736;880;16;147,139,129
752;880;16;104,98,98
512;928;16;153,144,129
528;928;16;181,172,161
512;944;16;108,102,92
528;944;16;111,104,92
544;928;16;178,169,161
560;928;16;170,161,150
544;944;16;180,172,159
560;944;16;197,189,180
576;896;16;99,141,80
592;896;16;103,147,86
576;912;16;115,150,95
592;912;16;111,151,92
608;896;16;112,158,94
624;896;16;117,164,98
608;912;16;105,147,85
624;912;16;102,143,86
576;928;16;160,152,140
592;928;16;145,140,126
576;944;16;198,189,180
592;944;16;198,190,181
608;928;16;142,142,124
624;928;16;190,185,171
608;944;16;200,191,183
624;944;16;200,191,183
512;960;16;193,188,179
528;960;16;111,105,96
512;976;16;198,192,185
528;976;16;177,171,162
544;960;16;98,90,77
560;960;16;177,169,157
544;976;16;76,66,57
560;976;16;146,136,121
512;992;16;195,190,182
528;992;16;187,182,172
512;1008;16;195,189,182
528;1008;16;184,177,168
544;992;16;92,84,74
560;992;16;136,126,110
544;1008;16;93,82,72
560;1008;16;145,134,120
576;960;16;191,182,172
592;960;16;193,183,174
576;976;16;181,174,161
592;976;16;185,175,165
608;992;16;175,166,156
624;992;16;169,159,147
608;1008;16;155,146,131
624;1008;16;131,121,106
640;896;16;117,165,99
656;896;16;109,158,94
640;912;16;99,118,81
656;912;16;122,149,103
672;896;16;107,154,92
688;896;16;140,166,121
672;912;16;171,178,153
688;912;16;206,197,190
640;928;16;185,176,168
656;928;16;196,188,180
640;944;16;199,191,183
656;944;16;196,187,180
672;928;16;199,190,182
688;928;16;195,186,178
672;944;16;185,176,168
688;944;16;190,182,173
704;896;16;191,188,177
720;896;16;195,189,182
704;912;16;210,202,195
720;912;16;200,193,187
736;896;16;186,179,170
752;896;16;128,120,113
736;912;16;196,190,186
752;912;16;166,160,152
704;928;16;206,199,191
720;928;16;200,194,189
704;944;16;195,188,180
720;944;16;194,189,182
736;928;16;195,190,185
752;928;16;143,135,133
736;944;16;192,187,182
752;944;16;183,178,179
640;960;16;192,183,173
656;960;16;179,170,160
640;976;16;176,166,155
656;976;16;162,154,139
736;960;16;191,185,181
752;960;16;196,193,190
736;976;16;191,186,180
752;976;16;190,184,182
768;768;16;212,211,208
784;768;16;229,229,229
768;784;16;215,214,213
784;784;16;225,224,224
800;768;16;229,229,229
816;768;16;214,216,217
800;784;16;228,228,228
816;784;16;183,189,193
768;800;16;139,170,128
784;800;16;136,172,126
768;816;16;127,174,115
784;816;16;129,176,117
800;800;16;173,192,164
816;800;16;145,146,143
800;816;16;130,178,118
816;816;16;165,183,151
832;768;16;149,155,155
848;768;16;158,153,147
832;784;16;143,141,137
848;784;16;182,176,169
832;800;16;122,116,107
848;800;16;171,163,153
832;816;16;192,185,179
848;816;16;177,167,159
864;800;16;191,185,177
880;800;16;195,190,185
864;816;16;184,175,165
880;816;16;191,185,178
768;832;16;144,180,132
784;832;16;131,177,120
768;848;16;152,157,146
784;848;16;138,179,125
800;832;16;134,179,122
816;832;16;138,179,123
800;848;16;139,180,124
816;848;16;139,181,126
768;864;16;116,97,123
784;864;16;148,183,134
768;880;16;69,42,84
784;880;16;161,179,149
832;832;16;189,191,177
848;832;16;197,191,183
832;848;16;166,185,154
848;848;16;183,178,171
864;832;16;188,181,171
880;832;16;178,170,160
864;848;16;162,155,144
880;848;16;158,151,142
832;864;16;151,182,138
848;864;16;198,195,192
832;880;16;151,178,139
848;880;16;226,226,226
864;864;16;201,200,197
880;864;16;224,223,223
864;880;16;229,229,229
880;880;16;229,229,229
928;768;16;198,192,189
944;768;16;205,196,193
928;784;16;208,201,197
944;784;16;182,176,167
896;800;16;193,188,183
912;800;16;197,190,184
896;816;16;183,177,167
912;816;16;169,163,152
928;800;16;180,174,164
944;800;16;168,165,158
928;816;16;174,172,164
944;816;16;220,220,219
960;768;16;184,179,172
976;768;16;168,163,154
960;784;16;166,162,152
976;784;16;200,198,195
992;768;16;186,186,180
1008;768;16;227,227,227
992;784;16;228,228,228
1008;784;16;229,229,229
960;800;16;211,210,209
976;800;16;229,229,229
960;816;16;229,229,229
976;816;16;229,229,229
896;832;16;172,167,157
912;832;16;186,184,179
896;848;16;203,202,199
912;848;16;228,228,228
928;832;16;226,226,226
944;832;16;229,229,229
928;848;16;229,229,229
944;848;16;229,229,229
768;896;16;45,23,58
784;896;16;150,145,144
768;912;16;62,46,68
784;912;16;130,110,129
800;896;16;130,175,116
816;896;16;138,173,124
800;912;16;165,172,151
816;912;16;183,181,172
768;928;16;68,47,78
784;928;16;131,116,137
768;944;16;177,173,179
784;944;16;226,226,226
800;928;16;211,209,207
816;928;16;228,228,228
800;944;16;229,229,229
816;944;16;229,229,229
832;896;16;189,193,180
848;896;16;229,228,228
832;912;16;224,223,223
848;912;16;229,229,229
768;992;16;226,225,225
784;992;16;229,229,229
768;1008;16;218,216,216
784;1008;16;229,229,229
